Vasya,124,0,268
Arina,1118,0,196
unknown,490,0,304
test,56,110,186
Vasya,124,0,268
Arina,1118,0,196
unknown,490,0,304
test,56,110,186
sdf,674,0,0
,52,0,0
ddd,742,0,0
bla,786,0,0
м,782,0,0
user,144,0,60
User2,52,0,0
123,80,0,0
wiohgw,172,0,0
q198040814,276,0,0
Vasya,124,0,268
Arina,1118,0,196
unknown,490,0,304
test,56,110,186
Vasya,124,0,268
Arina,1118,0,196
unknown,490,0,304
test,56,110,186
sdf,674,0,0
,52,0,0
ddd,742,0,0
bla,786,0,0
м,782,0,0
user,144,0,60
User2,52,0,0
123,80,0,0
wiohgw,172,0,0
q198040814,276,0,0
Vasya,124,0,268
Arina,1118,0,196
unknown,490,0,304
test,56,110,186
Vasya,124,0,268
Arina,1118,0,196
unknown,490,0,304
test,56,110,186
sdf,674,0,0
,52,0,0
ddd,742,0,0
bla,786,0,0
м,782,0,0
user,144,0,60
User2,52,0,0
123,80,0,0
wiohgw,172,0,0
q198040814,276,0,0
